24
25
78
27
72
73
7
89
3
43
18
42
50
35
97
77
59
79
39
76
81
84
12
68
37
85
28
98
79
19
14
26
49
0
2
56
31
34
76
34
27
65
39
53
3
89
7
44
18
93
15
47
23
44
40
54
70
22
95
92
90
69
34
36
47
63
95
34
37
19
44
31
53
39
67
68
13
20
1
88
3
17
82
59
15
19
98
46
10
30
71
73
83
2
48
59
17
61
49
92
95
64
0
83
45
97
92
31
30
24
36
17
51
46
64
83
96
67
37
99
82
25
43
67
10
37
25
81
88
54
35
85
24
1
19
14
70
88
43
58
84
68
12
97
22
89
33
65
90
98
58
17
14
57
90
16
91
84
20
73
4
52
87
64
16
78
70
8
77
84
76
29
30
38
67
22
72
30
56
51
1
3
23
80
9
65
6
82
98
54
77
84
32
96
92
10
99
24
24
78
30
56
15
55
24
77
55
19
12
20
55
62
69
29
3
37
52
11
49
5
64
7
57
49
93
40
85
59
5
5
50
91
24
97
48
57
50
97
80
97
87
71
72
9
78
86
39
31
47
3
48
11
36
67
7
24
87
28
51
6
42
70
50
7
56
58
30
91
56
97
57
6
84
72
13
50
65
49
45
87
65
86
60
74
38
58
67
57
89
27
63
37
15
95
47
7
29
24
59
57
95
31
14
60
56
35
48
47
0
90
89
27
11
36
3
19
74
3
62
33
0
98
79
46
95
80
46
17
49
54
21
6
89
46
87
10
71
99
62
13
69
16
46
9
81
36
54
90
24
60
72
46
32
29
96
82
50
58
6
56
26
41
46
24
80
62
70
17
5
52
99
0
39
77
44
33
30
67
77
51
92
8
40
51
12
46
42
33
28
79
36
65
56
89
64
53
59
79
0
56
69
0
87
40
70
24
16
65
99
48
55
1
43
71
82
93
49
52
77
74
85
37
98
30
52
81
68
9
46
21
7
59
64
52
98
16
14
61
61
3
95
79
14
85
99
1
2
74
27
85
1
30
17
6
39
89
22
37
3
38
25
12
6
66
53
82
12
97
4
68
51
90
72
14
33
99
66
38
69
73
65
45
89
77
5
15
80
69
26
78
75
38
93
36
70
90
13
74
56
47
78
37
51
62
28
30
63
3
15
87
15
78
8
65
19
11
95
41
72
51
47
87
1
3
24
25
34
90
12
3
32
86
58
28
89
72
99
94
90
33
62
18
19
74
7
17
97
80
1
78
24
93
86
50
57
23
24
36
11
38
45
14
38
2
99
21
23
27
62
55
72
4
40
36
37
59
76
36
37
51
86
0
43
6
58
12
26
42
8
7
84
22
29
11
84
90
45
12
80
95
93
60
46
37
63
17
5
52
1
91
41
10
74
25
45
94
89
31
54
98
40
7
81
23
28
20
72
3
12
93
29
52
84
23
20
52
53
25
84
18
66
29
38
95
41
31
27
6
36
59
76
49
68
40
7
68
93
0
51
89
28
20
72
27
2
24
6
89
40
36
90
23
96
58
57
2
68
73
4
89
78
31
79
80
24
22
1
90
93
65
73
16
86
73
81
91
32
72
52
71
30
95
50
74
3
91
60
89
97
98
32
11
13
68
48
71
89
14
35
47
56
79
22
51
69
8
98
49
89
74
62
60
98
32
16
79
43
68
40
86
42
84
64
32
50
33
40
18
6
34
58
85
37
7
94
79
88
94
77
63
22
47
28
18
5
8
85
38
95
48
88
66
90
90
60
57
32
79
37
24
10
31
86
71
69
13
61
68
33
29
42
59
39
15
34
78
25
32
80
16
92
84
94
25
77
48
19
5
56
25
48
14
11
62
49
42
24
44
71
18
36
30
88
32
19
5
75
47
4
82
97
40
73
12
29
55
35
81
37
44
10
12
73
28
44
61
74
25
13
52
39
69
7
65
99
87
7
30
1
26
96
24
53
27
87
14
28
39
81
39
66
39
98
87
64
22
66
62
74
64
53
50
87
88
35
67
56
54
83
21
78
12
95
76
55
83
62
17
89
39
65
21
47
37
79
19
1
40
71
59
83
19
8
54
41
72
37
50
62
71
11
46
71
71
68
8
20
46
49
43
10
57
61
63
16
38
81
43
28
33
13
54
36
82
5
55
11
65
0
52
62
34
22
75
45
99
39
2
15
40
50
60
25
33
32
69
8
62
22
32
40
62
82
89
50
2
77
94
11
91
60
27
67
33
88
29
82
34
5
96
93
19
90
29
4
69
62
99
99
30
